% $Id$
% G_E proton data: space-like
# Type=1
% G_E proton data: time-like
# Type=2
3.5200	0.5300	0.0400	0.0600
3.5210	0.5100	0.0600	0.0600
3.5269	0.5740	0.0710	0.0810
3.5438	0.4950	0.0470	0.0520
3.5500	0.3900	0.0500	0.0500
3.5627	0.3900	0.0450	0.0500
3.5664	0.4530	0.0230	0.0250
3.5700	0.3400	0.0400	0.0400
3.5816	0.4190	0.0410	0.0450
3.6000	0.3100	0.0300	0.0300
3.6005	0.3980	0.0400	0.0440
3.6100	0.4200	0.1400	0.0800
3.6100	0.4100	0.1100	0.0900
3.6195	0.3990	0.0410	0.0460
3.6386	0.3260	0.0400	0.0460
3.6577	0.3970	0.0360	0.0400
3.6577	0.3540	0.0170	0.0170
3.6864	0.3210	0.0240	0.0260
3.6900	0.2810	0.0140	0.0140
3.6900	0.3600	0.0500	0.0500
3.7297	0.3130	0.0200	0.0220
3.7539	0.3050	0.0150	0.0150
3.7600	0.2550	0.0130	0.0130
3.7636	0.3937	0.0597	0.0597
3.7782	0.2980	0.0200	0.0210
3.8269	0.2700	0.0210	0.0220
3.8300	0.2490	0.0100	0.0100
3.8514	0.2760	0.0140	0.0150
3.8760	0.2800	0.0190	0.0200
3.8987	0.2490	0.0803	0.0803
3.9400	0.2460	0.0110	0.0110
3.9502	0.2660	0.0140	0.0150
4.0000	0.2600	0.0300	0.0300
4.0000	0.2400	0.0300	0.0300
%4.0000	0.1750	0.0673	0.0553
4.0502	0.2730	0.0130	0.0140
4.1250	0.2646	0.0340	0.0340
4.1250	0.2074	0.0362	0.0362
4.1514	0.2500	0.0130	0.0140
4.1800	0.2370	0.0090	0.0090
4.2000	0.2200	0.0200	0.0200
% G_M proton data: space-like
# Type=3
-31.200	0.0010	0.0001	0.0001
-26.990	0.0013	0.0001	0.0001
-23.240	0.0018	0.0001	0.0001
-19.470	0.0025	0.0001	0.0001
-15.720	0.0043	0.0001	0.0001
-11.990	0.0076	0.0002	0.0002
-9.7000	0.0114	0.0013	0.0013
-9.6290	0.0117	0.0003	0.0003
-8.8300	0.0142	0.0004	0.0004
-7.3000	0.0208	0.0004	0.0004
-7.0000	0.0227	0.0006	0.0006
-7.0000	0.0227	0.0004	0.0004
-6.0000	0.0308	0.0007	0.0007
-6.0000	0.0309	0.0005	0.0005
-5.1787	0.0410	0.0028	0.0028
-5.0270	0.0420	0.0008	0.0008
-5.0170	0.0429	0.0008	0.0008
-5.0000	0.0437	0.0009	0.0009
-5.0000	0.0437	0.0006	0.0006
-4.9910	0.0438	0.0009	0.0009
-4.0000	0.0649	0.0013	0.0013
-4.0000	0.0654	0.0008	0.0008
-3.6210	0.0769	0.0017	0.0017
-3.2500	0.0938	0.0012	0.0012
-3.0070	0.1031	0.0025	0.0025
-3.0000	0.1080	0.0024	0.0024
-3.0000	0.1067	0.0021	0.0021
-2.9982	0.1090	0.0016	0.0016
-2.8620	0.1129	0.0022	0.0022
-2.5000	0.1432	0.0028	0.0028
-2.5000	0.1440	0.0016	0.0016
-2.4970	0.1410	0.0029	0.0029
-2.3986	0.1540	0.0020	0.0020
-2.3300	0.1620	0.0036	0.0036
-2.0030	0.1940	0.0041	0.0041
-2.0014	0.2040	0.0027	0.0027
-2.0000	0.2020	0.0040	0.0040
-2.0000	0.1984	0.0042	0.0042
-1.9469	0.2056	0.0086	0.0086
-1.7522	0.2488	0.0069	0.0069
-1.7522	0.2480	0.0027	0.0027
-1.7522	0.2520	0.0028	0.0028
-1.7500	0.2484	0.0026	0.0026
-1.7500	0.2460	0.0052	0.0052
-1.7500	0.2452	0.0049	0.0049
-1.7500	0.2443	0.0032	0.0032
-1.5575	0.2910	0.0073	0.0073
-1.5575	0.2910	0.0041	0.0041
-1.5000	0.2980	0.0092	0.0092
-1.5000	0.2998	0.0064	0.0064
-1.3628	0.3407	0.0086	0.0086
-1.3628	0.3470	0.0069	0.0069
-1.3500	0.3523	0.0034	0.0034
-1.2500	0.3793	0.0078	0.0078
-1.1690	0.4100	0.0086	0.0086
-1.1681	0.4050	0.0168	0.0168
-1.1681	0.4189	0.0104	0.0104
-1.1681	0.4202	0.0034	0.0034
-1.1681	0.4180	0.0046	0.0046
-1.1000	0.4523	0.0035	0.0035
-1.0903	0.4469	0.0168	0.0168
-1.0124	0.4971	0.0140	0.0140
-1.0000	0.4900	0.0142	0.0142
-1.0000	0.4921	0.0103	0.0103
-1.0000	0.4897	0.0156	0.0156
-0.9890	0.5010	0.0055	0.0055
-0.9734	0.5049	0.0121	0.0121
-0.9400	0.5235	0.0057	0.0057
-0.8566	0.6256	0.0195	0.0195
-0.7800	0.6465	0.0062	0.0062
-0.7788	0.6619	0.0279	0.0279
-0.7788	0.6393	0.0146	0.0146
-0.7788	0.6477	0.0065	0.0065
-0.7788	0.6460	0.0071	0.0071
-0.7500	0.6691	0.0138	0.0138
-0.7398	0.6842	0.0223	0.0223
-0.7200	0.6899	0.0101	0.0101
-0.7009	0.6982	0.0140	0.0140
-0.6700	0.7140	0.0221	0.0221
-0.6619	0.7736	0.0223	0.0223
-0.6500	0.7668	0.0085	0.0085
-0.6230	0.7876	0.0168	0.0168
-0.6000	0.8114	0.0165	0.0165
-0.5841	0.8295	0.0419	0.0419
-0.5841	0.8295	0.0181	0.0181
-0.5841	0.8427	0.0051	0.0051
-0.5841	0.8430	0.0067	0.0067
-0.5800	0.8479	0.0053	0.0053
-0.5451	0.8825	0.0223	0.0223
%-0.5300	1.3465	0.0097	0.0097
-0.5062	0.9133	0.0419	0.0419
-0.4673	0.9915	0.0195	0.0195
-0.4500	1.0262	0.0097	0.0097
-0.4500	1.0159	0.0215	0.0215
-0.4283	1.0585	0.0251	0.0251
-0.3933	1.1300	0.0147	0.0147
-0.3900	1.1323	0.0097	0.0097
-0.3894	1.1171	0.0195	0.0195
-0.3894	1.1412	0.0325	0.0325
-0.3894	1.1336	0.0102	0.0102
-0.3504	1.2205	0.0307	0.0307
-0.3300	1.2716	0.0083	0.0083
-0.3115	1.3015	0.0251	0.0251
-0.3111	1.3500	0.0284	0.0284
-0.3000	1.3070	0.0284	0.0284
-0.2920	1.3182	0.0307	0.0307
-0.2730	1.5100	0.0513	0.0513
-0.2726	1.3685	0.0279	0.0279
-0.2726	1.4080	0.0155	0.0155
-0.2700	1.4149	0.0159	0.0159
-0.2336	1.4886	0.0391	0.0391
-0.1951	1.7300	0.0796	0.0796
-0.1947	1.7260	0.0586	0.0586
-0.1900	1.6914	0.0124	0.0124
-0.1791	1.7064	0.0279	0.0279
-0.1558	1.7399	0.0503	0.0503
-0.1500	1.8122	0.0435	0.0435
-0.1460	1.9000	0.0133	0.0133
-0.1300	1.9391	0.0206	0.0206
-0.1199	2.0400	0.0122	0.0122
-0.1160	2.0349	0.0160	0.0160
-0.0779	2.2500	0.0248	0.0248
-0.0778	2.2327	0.0338	0.0338
-0.0693	2.2900	0.0458	0.0458
-0.0600	2.3700	0.0190	0.0190
-0.0561	2.4300	0.0292	0.0292
-0.0479	2.4300	0.0194	0.0194
-0.0440	2.4400	0.1391	0.1391
-0.0389	2.5200	0.0277	0.0277
-0.0389	2.5092	0.0379	0.0379
-0.0319	2.6600	0.0878	0.0878
-0.0280	2.5900	0.1010	0.1010
-0.0230	2.5300	0.0455	0.0455
-0.0171	2.6800	0.0616	0.0616
% G_M proton data: time-like
# Type=4
% G_E neutron data: space-like
# Type=5
% G_E neutron data: time-like
# Type=6
% G_M neutron data: space-like
# Type=7
% G_M neutron data: time-like
# Type=8
% Proton ratios mu_p*G_E^p/G_M^p
# Type=9
%-8.4900	0.1380	0.1841	0.1841
-6.7000	0.3270	0.1073	0.1073
-5.6000	0.3060	0.0870	0.0870
-5.5400	0.2730	0.0914	0.0914
-5.1700	0.4430	0.0684	0.0684
-4.8000	0.4630	0.0540	0.0540
-4.7500	0.3820	0.0541	0.0541
-4.0000	0.5190	0.0550	0.0550
-3.9700	0.4820	0.0526	0.0526
-3.5000	0.5710	0.0723	0.0723
-3.4700	0.6060	0.0443	0.0443
-2.9700	0.6150	0.0358	0.0358
-2.5000	0.6923	0.0058	0.0058
-2.4700	0.7030	0.0402	0.0402
-2.1300	0.7470	0.0467	0.0467
-1.8800	0.7770	0.0408	0.0408
-1.7700	0.7890	0.0424	0.0424
-1.6100	0.8650	0.0531	0.0531
-1.4800	0.7980	0.0389	0.0389
-1.3000	0.8580	0.0206	0.0206
-1.1800	0.8830	0.0222	0.0222
-1.1300	0.8780	0.0659	0.0659
-1.0000	0.8790	0.0256	0.0256
-0.8000	0.9010	0.0122	0.0122
-0.7900	0.9510	0.0156	0.0156
-0.6950	0.9122	0.0116	0.0116
-0.5990	0.9084	0.0117	0.0117
-0.5910	0.9610	0.0260	0.0260
-0.5470	0.9274	0.0090	0.0090
-0.5000	1.0200	0.0539	0.0539
-0.5000	1.0700	0.0632	0.0632
-0.5000	0.9930	0.0206	0.0206
-0.4940	0.9286	0.0093	0.0093
-0.4900	0.9790	0.0171	0.0171
-0.4740	0.9225	0.0204	0.0204
-0.4490	0.9314	0.0094	0.0094
-0.4410	0.9360	0.0511	0.0511
-0.4300	0.9940	0.0344	0.0344
-0.4190	0.9800	0.0184	0.0184
-0.4020	0.9318	0.0101	0.0101
-0.4010	1.0110	0.0527	0.0527
-0.4000	0.9172	0.0151	0.0151
-0.3800	0.9500	0.0539	0.0539
-0.3800	1.0000	0.1020	0.1020
-0.3730	0.9990	0.0539	0.0539
-0.3460	0.9318	0.0146	0.0146
-0.3460	0.9433	0.0128	0.0128
-0.3450	0.9730	0.0172	0.0172
-0.3080	0.9320	0.0171	0.0171
-0.2980	0.9272	0.0134	0.0134
-0.2820	0.9730	0.0163	0.0163
-0.2650	0.9833	0.0370	0.0370
-0.2510	0.9882	0.0440	0.0440
-0.2350	0.9433	0.0438	0.0438
-0.2320	0.9990	0.0170	0.0170
-0.2150	0.8250	0.0509	0.0509
-0.1910	1.0060	0.0184	0.0184
-0.1620	1.0190	0.0198	0.0198
% Neutron ratios mu_n*G_E^n/G_M^n
# Type=10
%-3.4100	0.4960	0.0813	0.0813
%-2.4800	0.4120	0.0600	0.0600
%-1.7200	0.2730	0.0361	0.0361
%-1.4500	0.3616	0.0353	0.0353
%-1.1320	0.2506	0.0218	0.0218
%-0.4470	0.1444	0.0175	0.0175
% EOF
