% $Id$
% G_E proton data: space-like
# Type=1
% G_E proton data: time-like
# Type=2
     3.522      0.53        0.06        0.06
     3.55       0.41        0.07        0.07
     3.57       0.35        0.06        0.06
     3.60       0.30        0.05        0.05
     3.61       0.41        0.11        0.11
     3.69       0.36        0.05        0.05
     3.76       0.255       0.014       0.014
     3.83       0.249       0.012       0.012
     3.94       0.241       0.013       0.013
     4.00       0.24        0.03        0.03
     5.95       0.15        0.03        0.03
     8.9        0.033       0.006       0.006
    12.4        0.013       0.003       0.003
    13.0        0.013       0.005       0.005
% G_M proton data: space-like
# Type=3
   -33.3790     0.00133     0.00026     0.00026
   -31.2800     0.00100     0.00010     0.00010
   -31.2000     0.00100     0.00009     0.00009
   -25.0300     0.00218     0.00047     0.00047
   -21.8760     0.00235     0.00042     0.00042
   -20.0000     0.00259     0.00025     0.00025
   -15.1000     0.00496     0.00024     0.00024
   -12.5000     0.00685     0.00025     0.00025
   -12.0100     0.00760     0.00020     0.00020
   -11.9900     0.00762     0.00017     0.00017
    -9.9820     0.01127     0.00022     0.00022
    -9.6560     0.01180     0.00030     0.00030
    -9.6290     0.01175     0.00026     0.00026
    -9.5630     0.01209     0.00084     0.00084
    -9.5600     0.01363     0.00273     0.00273
    -9.3970     0.01323     0.00060     0.00060
    -8.83       0.01406     0.00037     0.00037
    -8.7740     0.01506     0.00226     0.00226
    -8.7520     0.01390     0.00040     0.00040
    -7.8260     0.01826     0.00091     0.00091
    -7.4980     0.01980     0.00030     0.00030
    -7.3340     0.02080     0.00040     0.00040
    -7.3000     0.02081     0.00043     0.00043
    -7.0        0.02267     0.00038     0.00038
    -6.8300     0.02268     0.00113     0.00113
    -6.2700     0.02790     0.00060     0.00060
    -6.0        0.03080     0.00034     0.00034
    -5.8790     0.03200     0.00160     0.00160
    -5.3030     0.03970     0.00126     0.00126
    -5.0750     0.04230     0.00040     0.00040
    -5.0320     0.04270     0.00070     0.00070
    -5.0280     0.04280     0.00070     0.00070
    -5.0270     0.04310     0.00078     0.00078
    -5.0170     0.04294     0.00085     0.00085
    -5.0080     0.04380     0.00070     0.00070
    -5.0        0.04366     0.00039     0.00039
    -4.9910     0.04384     0.00085     0.00085
    -4.8950     0.04343     0.00217     0.00217
    -4.2750     0.06140     0.00360     0.00360
    -4.1880     0.05880     0.00294     0.00294
    -4.1420     0.06045     0.00302     0.00302
    -4.0890     0.06140     0.00390     0.00390
    -4.0800     0.05912     0.00296     0.00296
    -4.0        0.06537     0.00057     0.00057
    -3.8953     0.07950     0.06000     0.06000
    -3.7590     0.07280     0.00070     0.00070
    -3.7359     0.07172     0.00182     0.00182
    -3.6460     0.07630     0.00150     0.00150
    -3.6210     0.07689     0.00172     0.00172
    -3.2700     0.09080     0.00260     0.00260
    -3.25       0.09337     0.00081     0.00081
    -3.1160     0.09500     0.01400     0.01400
    -3.0000     0.10800     0.00240     0.00240
    -2.9200     0.11440     0.00200     0.00200
    -2.9180     0.11480     0.00420     0.00420
    -2.8830     0.11290     0.00210     0.00210
    -2.862      0.11286     0.00216     0.00216
    -2.5330     0.14230     0.00170     0.00170
    -2.5020     0.14110     0.00110     0.00110
    -2.4760     0.14760     0.00170     0.00170
    -2.4440     0.15080     0.00250     0.00250
    -2.3360     0.15640     0.00840     0.00840
    -2.3300     0.16200     0.00360     0.00360
    -2.2749     0.16704     0.00270     0.00270
    -2.0000     0.20200     0.00400     0.00400
    -1.9990     0.20050     0.00200     0.00200
    -1.9520     0.20670     0.00840     0.00840
    -1.9469     0.20560     0.01350     0.01350
    -1.7522     0.24880     0.00470     0.00470
    -1.7510     0.24020     0.00840     0.00840
    -1.75       0.24600     0.00520     0.00520
    -1.75       0.23589     0.00361     0.00361
    -1.61       0.26731     0.00400     0.00400
    -1.5575     0.29100     0.00450     0.00450
    -1.5380     0.29400     0.00220     0.00220
    -1.5190     0.29600     0.01120     0.01120
    -1.5170     0.29600     0.01120     0.01120
    -1.5000     0.29800     0.00920     0.00920
    -1.4980     0.29910     0.00280     0.00280
    -1.45       0.30989     0.00468     0.00468
    -1.3628     0.34070     0.00530     0.00530
    -1.31       0.35020     0.00561     0.00561
    -1.2490     0.37928     0.00527     0.00527
    -1.23       0.38005     0.00795     0.00795
    -1.17       0.40430     0.00642     0.00642
    -1.1690     0.41000     0.00860     0.00860
    -1.1682     0.41890     0.00610     0.00610
    -1.1682     0.40460     0.01680     0.01680
    -1.1670     0.42450     0.00560     0.00560
    -1.0910     0.45530     0.00390     0.00390
    -1.0903     0.44640     0.01680     0.01680
    -1.08       0.45124     0.00709     0.00709
    -1.0254     0.48576     0.00206     0.00206
    -1.0124     0.49660     0.01400     0.01400
    -1.01       0.48539     0.00873     0.00873
    -1.0000     0.49000     0.01420     0.01420
    -0.9735     0.50490     0.00670     0.00670
    -0.8566     0.62500     0.01950     0.01950
    -0.83       0.58592     0.00897     0.00897
    -0.7788     0.63930     0.00700     0.00700
    -0.7787     0.66120     0.02790     0.02790
    -0.7780     0.65070     0.01120     0.01120
    -0.7780     0.65070     0.12300     0.12300
    -0.7398     0.68360     0.02230     0.02230
    -0.7009     0.69750     0.01400     0.01400
    -0.6900     0.73730     0.00420     0.00420
    -0.6700     0.71400     0.02210     0.02210
    -0.6620     0.76800     0.01950     0.01950
    -0.6618     0.77280     0.02230     0.02230
    -0.6230     0.78480     0.01400     0.01400
    -0.6229     0.78680     0.01680     0.01680
    -0.62       0.78555     0.01311     0.01311
    -0.5841     0.82950     0.00730     0.00730
    -0.5837     0.82860     0.04190     0.04190
    -0.5452     0.88160     0.02230     0.02230
    -0.5064     0.91230     0.04190     0.04190
    -0.49       0.95521     0.01669     0.01669
    -0.4674     0.99050     0.01950     0.01950
    -0.4283     1.05740     0.02510     0.02510
    -0.3900     1.12830     0.01400     0.01400
    -0.3895     1.11600     0.01950     0.01950
    -0.3894     1.14120     0.02320     0.02320
    -0.3114     1.30010     0.02510     0.02510
    -0.2918     1.31690     0.03070     0.03070
    -0.2726     1.36710     0.02790     0.02790
    -0.2336     1.48710     0.03910     0.03910
    -0.1946     1.72420     0.05860     0.05860
    -0.1794     1.70470     0.02790     0.02790
    -0.1557     1.73820     0.05020     0.05020
    -0.1230     1.99980     0.03910     0.03910
    -0.1160     2.03500     0.01600     0.01600
    -0.0990     2.08900     0.03070     0.03070
    -0.0857     2.20410     0.01650     0.01650
    -0.0840     2.20080     0.01960     0.01960
    -0.0779     2.23200     0.03350     0.03350
    -0.0685     2.33100     0.07300     0.07300
    -0.0660     2.32090     0.03070     0.03070
    -0.0623     2.37150     0.02790     0.02790
    -0.0600     2.25300     0.05500     0.05500
    -0.0550     2.37950     0.03910     0.03910
    -0.0495     2.41100     0.03400     0.03400
    -0.0475     2.40900     0.02500     0.02500
    -0.0460     2.44930     0.06100     0.06100
    -0.0409     2.46890     0.02510     0.02510
    -0.0400     2.51080     0.05000     0.05000
    -0.0389     2.50820     0.03760     0.03760
    -0.0388     2.47360     0.01530     0.01530
    -0.0382     2.49000     0.06300     0.06300
    -0.0378     2.44930     0.03350     0.03350
    -0.0330     2.49960     0.10000     0.10000
    -0.0242     2.58980     0.02850     0.02850
    -0.0234     2.62230     0.01700     0.01700
    -0.0210     2.58060     0.15900     0.15900
    -0.0171     2.68        0.0616      0.0616
    -0.0117     2.68960     0.04030     0.04030
    -0.0117     2.71490     0.01510     0.01510
    -0.0117     2.70350     0.01360     0.01360
    -0.0109     2.72480     0.03810     0.03810
% G_M proton data: time-like
# Type=4
     3.522      0.53        0.06        0.06
     3.55       0.41        0.07        0.07
     3.57       0.35        0.06        0.06
     3.60       0.30        0.05        0.05
     3.61       0.41        0.11        0.11
     3.69       0.36        0.05        0.05
     3.69       0.287       0.016       0.016
     3.76       0.255       0.014       0.014
     3.83       0.249       0.012       0.012
     3.94       0.241       0.013       0.013
     4.00       0.24        0.03        0.03
     5.95       0.15        0.03        0.03
     6.250      0.1310      0.0372      0.0372
     6.6306     0.072       0.008       0.008
     6.76       0.0540      0.0063      0.0063
     6.8906     0.065       0.009       0.009
     7.29       0.0700      0.0391      0.0391
     7.4256     0.054       0.010       0.010
     7.84       0.0630      0.0361      0.0361
     8.8506     0.035       0.014       0.014
     9.0        0.028       0.010       0.010
     9.61       0.021       0.009       0.009
    10.78       0.024       0.0096      0.0096
    10.89       0.017       0.008       0.008
    12.25       0.016       0.009       0.009
    13.0        0.013       0.005       0.005
    13.69       0.019       0.008       0.008
    14.36       0.0151      0.0101      0.0101
    15.21       0.015       0.009       0.009
    17.0156     0.011       0.010       0.010
    19.1406     0.005       0.005       0.005
% G_E neutron data: space-like
# Type=5
    -3.9211     0.01000     0.01000     0.01000
    -3.3320     0.02240     0.02010     0.02010
    -2.6576     0.01410     0.01410     0.01410
    -1.8465     0.06560     0.04500     0.04500
    -1.8418     0.04000     0.03380     0.03380
    -1.7522     0.04120     0.02910     0.02910
    -1.5300     0.04600     0.04600     0.04600
    -1.1681     0.07210     0.01940     0.01940
    -1.1670     0.05800     0.04300     0.04300
    -1.0163     0.05660     0.05660     0.05660
    -1.0085     0.10300     0.05530     0.05530
    -1.0000     0.04540     0.00650     0.00650
    -0.9880     0.02300     0.02200     0.02200
    -0.9410     0.01200     0.01200     0.01200
    -0.9140     0.05000     0.02200     0.02200
    -0.8790     0.01900     0.01900     0.01900
    -0.8170     0.03300     0.01500     0.01500
    -0.7900     0.04680     0.00930     0.00930
    -0.7780     0.04900     0.03800     0.03800
    -0.7620     0.05600     0.01600     0.01600
    -0.7310     0.01800     0.01600     0.01600
    -0.7000     0.03800     0.01500     0.01500
    -0.6970     0.07210     0.07210     0.07210
    -0.6700     0.04680     0.00690     0.00690
    -0.6220     0.05500     0.01800     0.01800
    -0.5900     0.04770     0.00730     0.00730
    -0.5841     0.05290     0.05290     0.05290
    -0.5840     0.08000     0.01800     0.01800
    -0.5640     0.03800     0.01500     0.01500
    -0.5060     0.07000     0.01700     0.01700
    -0.5000     0.05260     0.00420     0.00420
    -0.4950     0.04630     0.00700     0.00700
    -0.4830     0.07300     0.01500     0.01500
    -0.4670     0.03500     0.02600     0.02600
    -0.4550     0.05800     0.01300     0.01300
    -0.4290     0.05000     0.01500     0.01500
    -0.4240     0.07200     0.02000     0.02000
    -0.4000     0.05200     0.00470     0.00470
    -0.3894     0.03160     0.03160     0.03160
    -0.3790     0.05000     0.01700     0.01700
    -0.3400     0.06110     0.00980     0.00980
    -0.3000     0.05520     0.00640     0.00640
    -0.2920     0.07000     0.02000     0.02000
    -0.2740     0.05200     0.01900     0.01900
    -0.2726     0.11490     0.03920     0.03920
    -0.2570     0.04000     0.01800     0.01800
    -0.2550     0.06600     0.03710     0.03710
    -0.2400     0.05500     0.01500     0.01500
    -0.2100     0.06600     0.00430     0.00430
    -0.1940     0.05000     0.02000     0.02000
    -0.1560     0.05200     0.02000     0.02000
    -0.1500     0.04810     0.00840     0.00840
    -0.1170     0.08200     0.02800     0.02800
    -0.0820     0.02500     0.01500     0.01500
    -0.0580     0.04500     0.01400     0.01400
    -0.0500     0.02300     0.01200     0.01200
    -0.0390     0.01800     0.01500     0.01500
    -0.0195     0.00900     0.00230     0.00230
    -0.0190     0.01500     0.01000     0.01000
    -0.0186     0.00830     0.00250     0.00250
    -0.0156     0.00700     0.00200     0.00200
    -0.0136     0.00820     0.00270     0.00270
    -0.0116     0.00660     0.00190     0.00190
    -0.0100     0.02300     0.01400     0.01400
    -0.0097     0.00610     0.00340     0.00340
    -0.0039     0.00330     0.00110     0.00110
    -0.0019     0.00150     0.00150     0.00150
% G_E neutron data: time-like
# Type=6
     3.64       0.45        0.16        0.16
     3.69       0.39        0.08        0.08
     4.0        0.29        0.05        0.05
% G_M neutron data: space-like
# Type=7
    -4.0        -.04012     0.00352     0.00352
    -3.9211     -.04650     0.00460     0.00460
    -3.3320     -.06370     0.00500     0.00500
    -3.25       -.05947     0.00374     0.00374
    -2.6576     -.08740     0.00710     0.00710
    -2.5000     -.09200     0.00400     0.00400
    -2.5        -.09490     0.00416     0.00416
    -1.8465     -.16130     0.01280     0.01280
    -1.8418     -.15820     0.01110     0.01110
    -1.7522     -.15890     0.01200     0.01200
    -1.75       -.16764     0.00828     0.00828
    -1.5300     -.20000     0.01000     0.01000
    -1.3610     -.23000     0.02000     0.02000
    -1.1682     -.26050     0.01190     0.01190
    -1.1670     -.20000     0.05000     0.05000
    -1.0163     -.34630     0.02300     0.02300
    -1.0085     -.35970     0.02290     0.02290
    -1.0000     -.31000     0.02000     0.02000
    -0.9720     -.43000     0.08000     0.08000
    -0.8560     -.40000     0.15000     0.15000
    -0.7788     -.34200     0.04520     0.04520
    -0.7780     -.44000     0.02000     0.02000
    -0.7000     -.50000     0.10000     0.10000
    -0.6900     -.50700     0.03830     0.03830
    -0.6220     -.58000     0.04000     0.04000
    -0.5841     -.54070     0.03340     0.03340
    -0.4670     -.90000     0.15000     0.15000
    -0.4270     -.74000     0.13000     0.13000
    -0.3890     -.76000     0.07000     0.07000
    -0.3110    -1.10000     0.40000     0.40000
    -0.2726     -.87270     0.05730     0.05730
    -0.1970    -1.09000     0.11000     0.11000
    -0.1940    -1.18000     0.11000     0.11000
    -0.1790    -1.34000     0.13000     0.13000
    -0.1560    -1.20000     0.11000     0.11000
    -0.1260    -1.34000     0.13000     0.13000
    -0.1170    -1.41000     0.15000     0.15000
    -0.109     -1.63321     0.15193     0.15193
    -0.0990    -1.31000     0.13000     0.13000
    -0.0780    -1.30000     0.40000     0.40000
    -0.0580    -1.78000     0.21000     0.21000
    -0.0390    -1.44000     0.20000     0.20000
% G_M neutron data: time-like
# Type=8
     3.64       0.45        0.16        0.16
     3.69       0.39        0.08        0.08
     4.0        0.29        0.05        0.05
     4.41       0.28        0.04        0.04
     5.95       0.23        0.05        0.05
% Proton ratios mu_p*G_E^p/G_M^p
# Type=9
    -8.49       0.1380      0.1380      0.1380
    -6.70       0.3270      0.1073      0.1073
    -5.60       0.3060      0.0914      0.0914
    -5.17       0.4430      0.0684      0.0684
    -4.80       0.4630      0.0553      0.0553
    -4.00       0.5190      0.0557      0.0557
    -3.970      0.482       0.0526      0.0526
    -3.50       0.5710      0.0723      0.0723
    -3.47       0.6060      0.0443      0.0443
    -2.97       0.6150      0.0358      0.0358
    -2.500      0.6923      0.0058      0.0058
    -2.47       0.7030      0.0402      0.0402
    -2.13       0.7470      0.0467      0.0467
    -1.88       0.7770      0.0408      0.0408
    -1.77       0.7890      0.0424      0.0424
    -1.61       0.8650      0.0531      0.0531
    -1.53       0.8200      0.0800      0.0800
    -1.48       0.7980      0.0389      0.0389
    -1.18       0.8830      0.0222      0.0222
    -1.13       0.8780      0.0659      0.0659
    -1.00       0.8790      0.0256      0.0256
    -0.99       0.9700      0.0500      0.0500
    -0.79       0.9510      0.0156      0.0156
    -0.591      0.961       0.0260      0.0260
    -0.50       0.9930      0.0206      0.0206
    -0.49       0.9790      0.0171      0.0171
    -0.488      0.9861      0.0211      0.0211
    -0.441      0.9360      0.0511      0.0511
    -0.430      0.9940      0.0344      0.0344
    -0.419      0.9800      0.0184      0.0184
    -0.401      1.0110      0.0527      0.0527
    -0.380      0.9500      0.0539      0.0539
    -0.373      0.9990      0.0539      0.0539
    -0.345      0.9730      0.0172      0.0172
    -0.319      0.9691      0.0154      0.0154
    -0.282      0.9730      0.0163      0.0163
    -0.277      1.0060      0.0505      0.0505
    -0.2650     0.9833      0.037       0.037
    -0.263      1.0173      0.0496      0.0496
    -0.2510     0.9882      0.044       0.044
    -0.244      0.9549      0.0501      0.0501
    -0.2350     0.9433      0.0438      0.0438
    -0.232      0.9990      0.0170      0.0170
    -0.225      0.9570      0.0858      0.0858
    -0.191      1.0060      0.0184      0.0184
    -0.162      1.0190      0.0198      0.0198
% Neutron ratios mu_n*G_E^n/G_M^n
# Type=10
-3.4100	0.4960	0.0813	0.0813
-2.4800	0.4120	0.0600	0.0600
-1.7200	0.2730	0.0361	0.0361
-1.4500	0.3616	0.0353	0.0353
-1.1320	0.2506	0.0218	0.0218
-0.4470	0.1444	0.0175	0.0175
% G_E proton data Mainz
# Type=2
-0.0152	0.9433	0.0071	0.0071
-0.0162	0.9430	0.0042	0.0042
-0.0172	0.9346	0.0045	0.0045
-0.0182	0.9434	0.0037	0.0037
-0.0192	0.9328	0.0053	0.0053
-0.0202	0.9354	0.0041	0.0041
-0.0213	0.9375	0.0046	0.0046
-0.0236	0.9349	0.0039	0.0039
-0.0255	0.9250	0.0029	0.0029
-0.0272	0.9170	0.0027	0.0027
-0.0304	0.9119	0.0030	0.0030
-0.0322	0.9053	0.0026	0.0026
-0.0340	0.9021	0.0017	0.0017
-0.0357	0.8921	0.0021	0.0021
-0.0376	0.8921	0.0024	0.0024
-0.0394	0.8888	0.0016	0.0016
-0.0413	0.8800	0.0014	0.0014
-0.0433	0.8767	0.0010	0.0010
-0.0473	0.8657	0.0010	0.0010
-0.0494	0.8622	0.0012	0.0012
-0.0515	0.8579	0.0013	0.0013
-0.0537	0.8534	0.0009	0.0009
-0.0557	0.8474	0.0013	0.0013
-0.0580	0.8419	0.0009	0.0009
-0.0602	0.8364	0.0012	0.0012
-0.0625	0.8326	0.0008	0.0008
-0.0648	0.8274	0.0007	0.0007
-0.0672	0.8213	0.0010	0.0010
-0.0695	0.8162	0.0008	0.0008
-0.0711	0.8115	0.0007	0.0007
-0.0742	0.8033	0.0007	0.0007
-0.0773	0.7968	0.0007	0.0007
-0.0805	0.7909	0.0005	0.0005
-0.0837	0.7858	0.0005	0.0005
-0.0867	0.7794	0.0038	0.0038
-0.0908	0.7707	0.0024	0.0024
-0.0949	0.7625	0.0031	0.0031
-0.1033	0.7427	0.0029	0.0029
-0.1076	0.7379	0.0026	0.0026
-0.1120	0.7272	0.0011	0.0011
-0.1163	0.7212	0.0017	0.0017
-0.1255	0.7055	0.0016	0.0016
-0.1300	0.6990	0.0013	0.0013
-0.1348	0.6923	0.0012	0.0012
-0.1395	0.6857	0.0015	0.0015
-0.1441	0.6779	0.0012	0.0012
-0.1490	0.6676	0.0009	0.0009
-0.1538	0.6642	0.0016	0.0016
-0.1588	0.6551	0.0012	0.0012
-0.1637	0.6483	0.0013	0.0013
-0.1687	0.6362	0.0013	0.0013
-0.1739	0.6305	0.0009	0.0009
-0.1789	0.6247	0.0011	0.0011
-0.1840	0.6154	0.0010	0.0010
-0.1893	0.6111	0.0018	0.0018
-0.1943	0.6029	0.0014	0.0014
-0.1997	0.5931	0.0008	0.0008
-0.2051	0.5831	0.0009	0.0009
-0.2103	0.5785	0.0010	0.0010
-0.2156	0.5730	0.0008	0.0008
-0.2210	0.5687	0.0021	0.0021
-0.2318	0.5575	0.0021	0.0021
-0.2427	0.5370	0.0019	0.0019
-0.2481	0.5355	0.0022	0.0022
-0.2592	0.5257	0.0023	0.0023
-0.2758	0.5067	0.0022	0.0022
-0.2814	0.4998	0.0026	0.0026
-0.3069	0.4723	0.0012	0.0012
-0.3354	0.4447	0.0012	0.0012
-0.3638	0.4192	0.0010	0.0010
-0.3916	0.4031	0.0019	0.0019
-0.4201	0.3824	0.0020	0.0020
-0.4471	0.3609	0.0027	0.0027
-0.4748	0.3448	0.0026	0.0026
-0.5011	0.3301	0.0018	0.0018
-0.5274	0.3105	0.0021	0.0021
-0.5524	0.2972	0.0021	0.0021
% G_M proton data Mainz
# Type=4
-0.0152	3.2859	0.3955	0.3955
-0.0162	3.1148	0.2332	0.2332
-0.0172	3.2880	0.2134	0.2134
-0.0182	2.6790	0.2057	0.2057
-0.0192	3.1029	0.2263	0.2263
-0.0202	2.7368	0.1861	0.1861
-0.0213	2.4972	0.2096	0.2096
-0.0236	2.3928	0.1712	0.1712
-0.0255	2.4870	0.1138	0.1138
-0.0272	2.6058	0.0894	0.0894
-0.0304	2.4760	0.0973	0.0973
-0.0322	2.5483	0.0768	0.0768
-0.0340	2.4843	0.0480	0.0480
-0.0357	2.6470	0.0460	0.0460
-0.0376	2.5045	0.0477	0.0477
-0.0394	2.4698	0.0386	0.0386
-0.0413	2.5439	0.0259	0.0259
-0.0433	2.4878	0.0201	0.0201
-0.0473	2.4788	0.0164	0.0164
-0.0494	2.4500	0.0174	0.0174
-0.0515	2.4175	0.0135	0.0135
-0.0537	2.4014	0.0111	0.0111
-0.0557	2.3997	0.0123	0.0123
-0.0580	2.3938	0.0121	0.0121
-0.0602	2.3790	0.0088	0.0088
-0.0625	2.3574	0.0076	0.0076
-0.0648	2.3404	0.0051	0.0051
-0.0672	2.3275	0.0082	0.0082
-0.0695	2.3157	0.0077	0.0077
-0.0711	2.3072	0.0055	0.0055
-0.0742	2.3028	0.0058	0.0058
-0.0773	2.2861	0.0040	0.0040
-0.0805	2.2611	0.0031	0.0031
-0.0837	2.2327	0.0039	0.0039
-0.0867	2.2087	0.0416	0.0416
-0.0908	2.1924	0.0257	0.0257
-0.0949	2.1873	0.0319	0.0319
-0.1033	2.1669	0.0260	0.0260
-0.1076	2.1125	0.0213	0.0213
-0.1120	2.1069	0.0087	0.0087
-0.1163	2.0652	0.0100	0.0100
-0.1255	2.0243	0.0110	0.0110
-0.1300	1.9862	0.0071	0.0071
-0.1348	1.9522	0.0062	0.0062
-0.1395	1.9296	0.0065	0.0065
-0.1441	1.9096	0.0059	0.0059
-0.1490	1.8941	0.0034	0.0034
-0.1538	1.8522	0.0081	0.0081
-0.1588	1.8419	0.0070	0.0070
-0.1637	1.8164	0.0053	0.0053
-0.1687	1.8162	0.0064	0.0064
-0.1739	1.7866	0.0028	0.0028
-0.1789	1.7642	0.0043	0.0043
-0.1840	1.7447	0.0036	0.0036
-0.1893	1.7222	0.0031	0.0031
-0.1943	1.7027	0.0035	0.0035
-0.1997	1.6891	0.0023	0.0023
-0.2051	1.6746	0.0030	0.0030
-0.2103	1.6523	0.0028	0.0028
-0.2156	1.6293	0.0026	0.0026
-0.2210	1.6015	0.0068	0.0068
-0.2318	1.5609	0.0067	0.0067
-0.2427	1.5429	0.0056	0.0056
-0.2481	1.5166	0.0059	0.0059
-0.2592	1.4813	0.0054	0.0054
-0.2758	1.4351	0.0040	0.0040
-0.2814	1.4222	0.0063	0.0063
-0.3069	1.3619	0.0024	0.0024
-0.3354	1.2929	0.0020	0.0020
-0.3638	1.2310	0.0015	0.0015
-0.3916	1.1633	0.0029	0.0029
-0.4201	1.1105	0.0027	0.0027
-0.4471	1.0697	0.0034	0.0034
-0.4748	1.0214	0.0029	0.0029
-0.5011	0.9789	0.0017	0.0017
-0.5274	0.9428	0.0018	0.0018
-0.5524	0.9108	0.0016	0.0016
% EOF
