        linear fit to nucleon data
 S1IN
       1. 2.2147     0.001    2.211703  3.232022
 S2IN
       2. 2.3613     0.001    2.211703  3.232022
 Q1IN
       3. 6.0451     0.001    6.044451  8.0
 Q2IN
       4. 5.6677     0.001    5.085778  6.044451
 R1S1
       5. 1.4881     0.001
 R2S1
       6. -.9682     0.001
 R3S1
       7. -.1097     0.001
 R4S1
       8. 0.2005     0.001
 R1S2
       9. 0.0321     0.001
 R2S2
      10. -.0585     0.001
 R4S2
      11. 0.1902     0.001
 R1V1
      12. 0.3907     0.001     0.        1.
 r2
       0.
    -8.49       0.1380      0.1380
    -6.70       0.3270      0.1073
    -5.60       0.3060      0.0914
    -5.540      0.273       0.0914
    -5.17       0.4430      0.0684
    -4.80       0.4630      0.0553
    -4.750      0.382       0.0541
    -4.00       0.5190      0.0557
    -3.970      0.482       0.0526
    -3.50       0.5710      0.0723
    -3.47       0.6060      0.0443
    -2.97       0.6150      0.0358
    -2.500      0.6923      0.0058
    -2.47       0.7030      0.0402
    -2.13       0.7470      0.0467
    -1.88       0.7770      0.0408
    -1.77       0.7890      0.0424
    -1.61       0.8650      0.0531
    -1.53       0.8200      0.0800
    -1.48       0.7980      0.0389
    -1.18       0.8830      0.0222
    -1.13       0.8780      0.0659
    -1.00       0.8790      0.0256
    -0.99       0.9700      0.0500
    -0.79       0.9510      0.0156
    -0.695      0.9122      0.01161
    -0.599      0.9084      0.01167
    -0.591      0.961       0.0260
    -0.547      0.9274      0.00898
    -0.50       0.9930      0.0206
    -0.494      0.9286      0.00932
    -0.49       0.9790      0.0171
    -0.488      0.9861      0.0211
    -0.449      0.9314      0.00945
    -0.441      0.9360      0.0511
    -0.430      0.9940      0.0344
    -0.419      0.9800      0.0184
    -0.402      0.9318      0.01007
    -0.401      1.0110      0.0527
    -0.380      0.9500      0.0539
    -0.373      0.9990      0.0539
    -0.346      0.9433      0.01280
    -0.345      0.9730      0.0172
    -0.319      0.9691      0.0154
    -0.2980     0.9272      0.01343
    -0.282      0.9730      0.0163
    -0.277      1.0060      0.0505
    -0.2650     0.9833      0.037
    -0.263      1.0173      0.0496
    -0.2510     0.9882      0.044
    -0.244      0.9549      0.0501
    -0.2350     0.9433      0.0438
    -0.232      0.9990      0.0170
    -0.225      0.9570      0.0858
    -0.191      1.0060      0.0184
    -0.162      1.0190      0.0198
    -13.0       0.          0.00001
     -.5524     0.2972      0.0021
     -.5274     0.3105      0.0021
     -.5011     0.3301      0.0018
     -.4748     0.3448      0.0026
     -.4471     0.3609      0.0027
     -.4201     0.3824      0.0020
     -.3916     0.4031      0.0019
     -.3354     0.4447      0.0012
     -.3069     0.4723      0.0012
     -.2814     0.4998      0.0026
     -.2758     0.5067      0.0022
     -.2592     0.5257      0.0023
     -.2481     0.5355      0.0022
     -.2427     0.5370      0.0019
     -.2318     0.5575      0.0021
     -.2210     0.5687      0.0021
     -.1943     0.6029      0.0014
     -.1893     0.6111      0.0018
     -.1840     0.6154      0.0010
     -.1789     0.6247      0.0011
     -.1739     0.6305      0.0009
     -.1687     0.6362      0.0013
     -.1637     0.6483      0.0013
     -.1588     0.6551      0.0012
     -.1538     0.6642      0.0016
     -.1441     0.6779      0.0012
     -.1395     0.6857      0.0015
     -.1348     0.6923      0.0012
     -.1300     0.6990      0.0013
     -.1255     0.7055      0.0016
     -.1163     0.7212      0.0017
     -.1076     0.7379      0.0026
     -.1033     0.7427      0.0029
     -.0949     0.7625      0.0031
     -.0908     0.7707      0.0024
     -.0867     0.7794      0.0038
     -.0602     0.8364      0.0012
     -.0557     0.8474      0.0013
     -.0537     0.8534      0.0009
     -.0515     0.8579      0.0013
     -.0494     0.8622      0.0012
     -.0394     0.8888      0.0016
     -.0376     0.8921      0.0024
     -.0357     0.8921      0.0021
     -.0340     0.9021      0.0017
     -.0322     0.9053      0.0026
     -.0304     0.9119      0.0030
     -.0272     0.9170      0.0027
     -.0255     0.9250      0.0029
     -.0236     0.9349      0.0039
     -.0213     0.9375      0.0046
     -.0202     0.9354      0.0041
     -.0192     0.9328      0.0053
     -.0182     0.9434      0.0037
     -.0172     0.9346      0.0045
     -.0162     0.9430      0.0042
     -.0152     0.9433      0.0071
     3.522      0.53        0.06
     3.55       0.41        0.07
     3.57       0.35        0.06
     3.60       0.30        0.05
     3.61       0.41        0.11
     3.69       0.36        0.05
     3.94       0.241       0.013
     4.00       0.24        0.03
     5.95       0.15        0.03
     8.9        0.033       0.006
    11.56       0.0154      0.00579
    12.25       0.0173      0.00448
    12.4        0.013       0.003
    12.6075     0.0167      0.00286
    12.9614     0.0178      0.00430
    13.0        0.013       0.005
    13.4762     0.0184      0.00496
   -33.3790     0.00133     0.00026
   -31.2800     0.00100     0.00010
   -31.2000     0.00100     0.00009
   -25.0300     0.00218     0.00047
   -21.8760     0.00235     0.00042
   -20.0000     0.00259     0.00025
   -15.1000     0.00496     0.00024
   -12.5000     0.00685     0.00025
   -12.0100     0.00760     0.00020
   -11.9900     0.00762     0.00017
    -9.9820     0.01127     0.00022
    -9.6560     0.01180     0.00030
    -9.6290     0.01175     0.00026
    -9.5630     0.01209     0.00084
    -9.5600     0.01363     0.00273
    -9.3970     0.01323     0.00060
    -8.83       0.01406     0.00037
    -8.7740     0.01506     0.00226
    -8.7520     0.01390     0.00040
    -7.8260     0.01826     0.00091
    -7.4980     0.01980     0.00030
    -7.3340     0.02080     0.00040
    -7.3000     0.02081     0.00043
    -7.0        0.02267     0.00038
    -6.8300     0.02268     0.00113
    -6.2700     0.02790     0.00060
    -6.0        0.03080     0.00034
    -5.8790     0.03200     0.00160
    -5.3030     0.03970     0.00126
    -5.0750     0.04230     0.00040
    -5.0320     0.04270     0.00070
    -5.0280     0.04280     0.00070
    -5.0270     0.04310     0.00078
    -5.0170     0.04294     0.00085
    -5.0080     0.04380     0.00070
    -5.0        0.04366     0.00039
    -4.9910     0.04384     0.00085
    -4.8950     0.04343     0.00217
    -4.2750     0.06140     0.00360
    -4.1880     0.05880     0.00294
    -4.1420     0.06045     0.00302
    -4.0890     0.06140     0.00390
    -4.0800     0.05912     0.00296
    -4.0        0.06537     0.00057
    -3.8953     0.07950     0.06000
    -3.7590     0.07280     0.00070
    -3.7359     0.07172     0.00182
    -3.6460     0.07630     0.00150
    -3.6210     0.07689     0.00172
    -3.2700     0.09080     0.00260
    -3.25       0.09337     0.00081
    -3.1160     0.09500     0.01400
    -3.0000     0.10800     0.00240
    -2.9200     0.11440     0.00200
    -2.9180     0.11480     0.00420
    -2.8830     0.11290     0.00210
    -2.862      0.11286     0.00216
    -2.5330     0.14230     0.00170
    -2.5020     0.14110     0.00110
    -2.4760     0.14760     0.00170
    -2.4440     0.15080     0.00250
    -2.3360     0.15640     0.00840
    -2.3300     0.16200     0.00360
    -2.2749     0.16704     0.00270
    -2.0000     0.20200     0.00400
    -1.9990     0.20050     0.00200
    -1.9520     0.20670     0.00840
    -1.9469     0.20560     0.01350
    -1.7522     0.24880     0.00470
    -1.7510     0.24020     0.00840
    -1.75       0.24600     0.00520
    -1.75       0.23589     0.00361
    -1.61       0.26731     0.00400
    -1.5575     0.29100     0.00450
    -1.5380     0.29400     0.00220
    -1.5190     0.29600     0.01120
    -1.5170     0.29600     0.01120
    -1.5000     0.29800     0.00920
    -1.4980     0.29910     0.00280
    -1.45       0.30989     0.00468
    -1.3628     0.34070     0.00530
    -1.31       0.35020     0.00561
    -1.2490     0.37928     0.00527
    -1.23       0.38005     0.00795
    -1.17       0.40430     0.00642
    -1.1690     0.41000     0.00860
    -1.1682     0.41890     0.00610
    -1.1682     0.40460     0.01680
    -1.1670     0.42450     0.00560
    -1.0910     0.45530     0.00390
    -1.0903     0.44640     0.01680
    -1.08       0.45124     0.00709
    -1.0254     0.48576     0.00206
    -1.0124     0.49660     0.01400
    -1.01       0.48539     0.00873
    -1.0000     0.49000     0.01420
    -0.9735     0.50490     0.00670
    -0.8566     0.62500     0.01950
    -0.83       0.58592     0.00897
    -0.7788     0.63930     0.00700
    -0.7787     0.66120     0.02790
    -0.7780     0.65070     0.01120
    -0.7780     0.65070     0.12300
    -0.7398     0.68360     0.02230
    -0.7009     0.69750     0.01400
    -0.6900     0.73730     0.00420
    -0.6700     0.71400     0.02210
    -0.6620     0.76800     0.01950
    -0.6618     0.77280     0.02230
    -0.6230     0.78480     0.01400
    -0.6229     0.78680     0.01680
    -0.62       0.78555     0.01311
    -0.5841     0.82950     0.00730
    -0.5837     0.82860     0.04190
    -0.5452     0.88160     0.02230
    -0.5064     0.91230     0.04190
    -0.49       0.95521     0.01669
    -0.4674     0.99050     0.01950
    -0.4283     1.05740     0.02510
    -0.3900     1.12830     0.01400
    -0.3895     1.11600     0.01950
    -0.3894     1.14120     0.02320
    -0.3114     1.30010     0.02510
    -0.2918     1.31690     0.03070
    -0.2726     1.36710     0.02790
    -0.2336     1.48710     0.03910
    -0.1946     1.72420     0.05860
    -0.1794     1.70470     0.02790
    -0.1557     1.73820     0.05020
    -0.1230     1.99980     0.03910
    -0.1160     2.03500     0.01600
    -0.0990     2.08900     0.03070
    -0.0857     2.20410     0.01650
    -0.0840     2.20080     0.01960
    -0.0779     2.23200     0.03350
    -0.0685     2.33100     0.07300
    -0.0660     2.32090     0.03070
    -0.0623     2.37150     0.02790
    -0.0600     2.25300     0.05500
    -0.0550     2.37950     0.03910
    -0.0495     2.41100     0.03400
    -0.0475     2.40900     0.02500
    -0.0460     2.44930     0.06100
    -0.0409     2.46890     0.02510
    -0.0400     2.51080     0.05000
    -0.0389     2.50820     0.03760
    -0.0388     2.47360     0.01530
    -0.0382     2.49000     0.06300
    -0.0378     2.44930     0.03350
    -0.0330     2.49960     0.10000
    -0.0242     2.58980     0.02850
    -0.0234     2.62230     0.01700
    -0.0210     2.58060     0.15900
    -0.0171     2.68        0.0616
    -0.0117     2.68960     0.04030
    -0.0117     2.71490     0.01510
    -0.0117     2.70350     0.01360
    -0.0109     2.72480     0.03810
     -.2814     1.4222      0.0063
     -.2758     1.4351      0.0040
     -.2592     1.4813      0.0054
     -.2481     1.5166      0.0059
     -.2427     1.5429      0.0056
     -.2318     1.5609      0.0067
     -.2210     1.6015      0.0068
     -.1637     1.8164      0.0053
     -.1588     1.8419      0.0070
     -.1538     1.8522      0.0081
     -.1441     1.9096      0.0059
     -.1395     1.9296      0.0065
     -.1348     1.9522      0.0062
     -.1076     2.1125      0.0213
     -.1033     2.1669      0.0260
     -.0949     2.1873      0.0319
     -.0908     2.1924      0.0257
     -.0867     2.2087      0.0416
     -.0580     2.3938      0.0121
     -.0557     2.3997      0.0123
     -.0537     2.4014      0.0111
     -.0515     2.4175      0.0135
     -.0494     2.4500      0.0174
     -.0473     2.4788      0.0164
     -.0433     2.4878      0.0201
     -.0413     2.5439      0.0259
     -.0394     2.4698      0.0386
     -.0376     2.5045      0.0477
     -.0357     2.6470      0.0460
     -.0340     2.4843      0.0480
     -.0322     2.5483      0.0768
     -.0304     2.4760      0.0973
     -.0272     2.6058      0.0894
     -.0255     2.4870      0.1138
     -.0236     2.3928      0.1712
     -.0213     2.4972      0.2096
     -.0202     2.7368      0.1861
     -.0192     3.1029      0.2263
     -.0182     2.6790      0.2057
     -.0172     3.2880      0.2134
     -.0162     3.1148      0.2332
     -.0152     3.2859      0.3955
     3.522      0.53        0.06
     3.5278     0.515       0.050
     3.5438     0.497       0.034
     3.55       0.41        0.07
     3.5627     0.403       0.032
     3.5664     0.424       0.014
     3.57       0.35        0.06
     3.5815     0.416       0.030
     3.60       0.30        0.05
     3.6005     0.404       0.029
     3.61       0.41        0.11
     3.6195     0.353       0.029
     3.6386     0.372       0.028
     3.6577     0.390       0.027
     3.6577     0.355       0.012
     3.6864     0.333       0.017
     3.69       0.36        0.05
     3.69       0.287       0.016
     3.7297     0.309       0.014
     3.7539     0.309       0.010
     3.7782     0.311       0.014
     3.8269     0.283       0.014
     3.8514     0.286       0.010
     3.8760     0.288       0.013
     3.94       0.241       0.013
     3.9502     0.281       0.009
     4.00       0.24        0.03
     4.0502     0.271       0.009
     4.5689     0.227       0.009
     4.8952     0.173       0.008
     4.9836     0.1610      0.00474
     4.9836     0.1842      0.0518
     5.1189     0.134       0.009
     5.2327     0.125       0.009
     5.6406     0.091       0.007
     5.7600     0.0361      0.0190
     5.95       0.15        0.03
     6.250      0.1310      0.0372
     6.7600     0.0540      0.0063
     6.8906     0.065       0.009
     7.1556     0.050       0.006
     7.1556     0.059       0.009
     7.29       0.0700      0.0391
     7.4256     0.054       0.010
     7.84       0.0630      0.0361
     7.9806     0.042       0.006
     8.2656     0.052       0.010
     8.8506     0.035       0.014
     9.0        0.028       0.010
     9.3942     0.0361      0.0190
     9.424      0.027       0.0061
     9.6100     0.022       0.007
     9.61       0.021       0.009
    10.78       0.024       0.0096
    10.89       0.017       0.008
    11.56       0.0154      0.00579
    12.2500     0.015       0.003
    12.25       0.016       0.009
    12.25       0.0173      0.00448
    12.4        0.013       0.003
    12.6075     0.0167      0.00286
    12.9614     0.0178      0.00430
    13.0        0.013       0.005
    13.4762     0.0184      0.00496
    13.6900     0.018       0.004
    13.69       0.019       0.008
    13.69       0.0124      0.0021
    14.36       0.0151      0.0101
    15.2100     0.005       0.005
    15.21       0.015       0.009
    15.21       0.0112      0.0016
    17.0156     0.008       0.008
    17.0156     0.011       0.010
    18.0625     0.0058      0.0010
    19.1406     0.008       0.008
    19.1406     0.005       0.005
    25.00       0.0022      0.0008
    36.00       0.0007      0.0007
     3.6615     1.36        0.1581
     3.9502     1.48        0.1709
     4.2539     1.39        0.1655
     5.7600     0.91        0.3985
     7.2900     1.04        0.2915
     9.3942     0.95        0.4966
    -3.9211     0.01000     0.04000
    -3.3320     0.02240     0.02010
    -2.6576     0.01410     0.05320
    -1.8465     0.06560     0.04500
    -1.8418     0.04000     0.03380
    -1.7522     0.04120     0.02910
    -1.5300     0.04600     0.05000
    -1.1681     0.07210     0.01940
    -1.1670     0.05800     0.04300
    -1.0163     0.05660     0.06180
    -1.0085     0.10300     0.05530
    -1.0000     0.04540     0.00650
    -0.9880     0.02300     0.02200
    -0.9410     0.01200     0.02700
    -0.9140     0.05000     0.02200
    -0.8790     0.01900     0.02000
    -0.8170     0.03300     0.01500
    -0.7900     0.04680     0.00930
    -0.7780     0.04900     0.03800
    -0.7620     0.05600     0.01600
    -0.7310     0.01800     0.01600
    -0.7000     0.03800     0.01500
    -0.6970     0.07210     0.07840
    -0.6700     0.04680     0.00690
    -0.6220     0.05500     0.01800
    -0.5900     0.04770     0.00730
    -0.5841     0.05290     0.06810
    -0.5840     0.08000     0.01800
    -0.5640     0.03800     0.01500
    -0.5060     0.07000     0.01700
    -0.5000     0.05260     0.00420
    -0.4950     0.04630     0.00700
    -0.4830     0.07300     0.01500
    -0.4670     0.03500     0.02600
    -0.4550     0.05800     0.01300
    -0.4290     0.05000     0.01500
    -0.4240     0.07200     0.02000
    -0.4000     0.05200     0.00470
    -0.3894     0.03160     0.07120
    -0.3790     0.05000     0.01700
    -0.3400     0.06110     0.00980
    -0.3000     0.05520     0.00640
    -0.2920     0.07000     0.02000
    -0.2740     0.05200     0.01900
    -0.2726     0.11490     0.03920
    -0.2570     0.04000     0.01800
    -0.2550     0.06600     0.03710
    -0.2400     0.05500     0.01500
    -0.2100     0.06600     0.00430
    -0.1940     0.05000     0.02000
    -0.1560     0.05200     0.02000
    -0.1500     0.04810     0.00840
    -0.1170     0.08200     0.02800
    -0.0820     0.02500     0.01500
    -0.0580     0.04500     0.01400
    -0.0500     0.02300     0.01200
    -0.0390     0.01800     0.01500
    -0.0195     0.00900     0.00230
    -0.0190     0.01500     0.01000
    -0.0186     0.00830     0.00250
    -0.0156     0.00700     0.00200
    -0.0136     0.00820     0.00270
    -0.0116     0.00660     0.00190
    -0.0100     0.02300     0.01400
     3.64       0.45        0.16
     3.69       0.39        0.08
     4.0        0.29        0.05
     4.41       0.28        0.04
     5.95       0.23        0.05
    -4.0        -.0401      0.0035
    -3.3320     -.06370     0.00500
    -3.25       -.05947     0.00374
    -2.6576     -.08740     0.00710
    -2.5000     -.09200     0.00400
    -2.5        -.09490     0.00416
    -1.8465     -.16130     0.01280
    -1.8418     -.15820     0.01110
    -1.7522     -.15890     0.01200
    -1.75       -.16764     0.00828
    -1.5300     -.20000     0.01000
    -1.3610     -.23000     0.02000
    -1.1682     -.26050     0.01190
    -1.1670     -.20000     0.05000
    -1.0163     -.34630     0.02300
    -1.0085     -.35970     0.02290
    -1.0000     -.31000     0.02000
    -0.9720     -.43000     0.08000
    -0.8560     -.40000     0.15000
    -0.7788     -.34200     0.04520
    -0.7780     -.44000     0.02000
    -0.7000     -.50000     0.10000
    -0.6900     -.50700     0.03830
    -0.6220     -.58000     0.04000
    -0.5841     -.54070     0.03340
    -0.4670     -.90000     0.15000
    -0.4270     -.74000     0.13000
    -0.3890     -.76000     0.07000
    -0.3110    -1.10000     0.40000
    -0.2726     -.87270     0.05730
    -0.1970    -1.09000     0.11000
    -0.1940    -1.18000     0.11000
    -0.1790    -1.34000     0.13000
    -0.1560    -1.20000     0.11000
    -0.1260    -1.34000     0.13000
    -0.1170    -1.41000     0.15000
    -0.109     -1.63321     0.15193
    -0.0990    -1.31000     0.13000
    -0.0780    -1.30000     0.40000
    -0.0580    -1.78000     0.21000
    -0.0390    -1.44000     0.20000
     3.64       0.45        0.16
     3.69       0.39        0.08
     4.0        0.29        0.05
     4.41       0.28        0.04
     5.95       0.23        0.05
    -1.720      0.2730      0.0361
    -1.450      0.3616      0.0353
    -1.132      0.2506      0.0218
    -0.447      0.1444      0.0175
PRINTOUT     2.
ERROR DEF       14.20
MINIMIZE
MINOS
CALL FCN    3.
EXIT
